1497 37 24
456 29 0
7227 21 0
1497 26 99
65 76 82
65 45 87
1302 74 0
195 33 0
9049 45 100
195 65 106
9961 78 0
1042 65 0
13802 42 0
5404 49 0
1107 73 0
3451 59 0
1107 78 0
4427 34 95
326 44 101
65 44 0
130 30 86
391 34 0
65 85 0
586 42 0
8008 85 107
65 56 107
195 70 111
260 50 70
2344 25 0
1172 80 0
260 63 105
326 77 95
65 79 90
195 85 94
130 68 96
326 66 0
651 63 85
7487 80 0
195 75 0
1562 75 0
911 57 0
846 63 0
911 56 96
0 68 98
391 66 81
326 56 0
1562 68 0
326 66 0
2799 52 53
0 63 79
586 62 64
65 71 73
456 63 63
65 52 61
391 59 0
456 66 0
2734 68 0
2474 70 0
2539 51 0
521 84 75
1172 75 79
586 63 73
781 75 0
1367 68 0
651 84 0
521 75 0
12826 51 61
195 82 53
0 49 21
1758 80 0
2214 73 0
2474 48 0
5208 54 0
260 78 50
6771 56 52
716 56 0
0 59 60
977 59 0
391 75 0
846 59 65
1237 61 68
65 61 0
456 59 0
391 61 71
65 81 95
0 76 72
65 53 62
195 73 77
326 85 52
326 61 0
586 59 0
326 88 38
65 76 0
1497 51 60
25386 52 83
586 47 68
6120 51 0
260 49 0
1172 58 0
260 51 0
846 49 64
2604 59 0
326 69 83
326 57 75
781 49 0
195 71 74
1042 69 0
781 59 0
977 49 61
2799 73 0
977 71 97
195 63 68
326 42 72
326 63 0
2734 71 0
586 63 90
65 54 83
5273 54 0
2279 63 0
195 75 74
3646 63 0
260 30 0
1107 67 78
4232 67 0
846 67 53
4883 76 79
1562 79 0
2995 67 0
1302 54 66
2474 54 0
6641 86 85
456 60 76
1562 52 65
0 62 59
195 52 0
586 60 0
130 62 0
391 76 0
326 51 99
65 69 84
195 72 80
521 48 0
391 63 0
2148 72 0
5859 69 98
260 67 86
0 81 98
65 82 89
781 86 0
1823 67 0
586 69 0
260 89 99
65 70 83
195 79 68
2930 82 66
977 74 89
716 82 0
65 79 0
2539 80 0
2214 89 0
65 86 0
391 74 0
456 90 56
4167 90 0
16146 50 80
1562 50 0
65 26 86
65 38 96
1042 62 58
195 69 69
1432 74 70
456 86 92
65 78 94
130 81 0
326 69 86
391 84 36
326 81 0
716 84 0
195 66 0
586 69 0
130 42 51
65 43 0
456 38 0
716 50 0
1497 62 78
456 50 69
2930 62 0
326 50 0
2799 86 0
3841 58 89
1562 56 63
65 61 59
130 49 34
195 54 36
5339 52 0
1497 55 0
521 64 0
3060 53 0
1628 45 62
5143 84 69
2409 86 69
716 45 0
1562 83 0
4036 74 67
5208 86 76
456 74 0
0 86 0
326 78 82
130 77 55
391 74 0
65 68 58
2214 77 0
1953 68 0
781 68 66
586 68 0
3320 78 53
1497 75 60
2669 75 0
2279 75 0
3906 70 60
977 83 64
195 80 0
5859 76 59
2930 76 0
651 80 0
456 71 23
3776 71 0
456 73 66
195 81 77
651 79 44
8073 73 0
65 81 0
1302 71 0
2148 29 73
65 50 27
260 50 0
195 82 71
846 83 0
260 60 48
391 72 65
1562 60 37
651 72 0
0 77 0
846 82 71
781 82 0
391 84 65
195 79 55
456 70 0
716 82 0
586 72 53
130 60 0
521 79 51
1953 79 0
65 82 0
456 72 68
911 62 41
456 93 64
2083 82 0
846 93 61
521 93 0
1042 87 42
716 70 0
65 70 47
326 84 53
716 70 0
651 90 62
846 70 0
2799 72 39
130 72 0
0 79 0
0 70 43
130 67 0
456 70 0
65 79 35
781 82 0
651 85 63
456 54 46
1628 86 0
2148 55 0
586 79 0
2604 66 61
5143 63 56
195 66 0
2474 63 0
1042 75 65
195 71 60
326 66 43
326 66 0
391 71 0
130 63 49
2734 63 0
2409 72 66
2930 75 0
2214 82 52
326 61 45
651 80 0
1758 58 0
1497 61 0
521 83 56
5469 83 0
1107 71 51
846 81 47
521 75 36
456 71 0
195 59 0
781 82 0
1497 78 55
1562 78 0
2214 78 64
781 80 69
260 59 43
130 71 38
391 63 41
2279 63 0
456 59 0
521 78 0
14062 81 40
456 68 42
651 75 53
7812 68 0
326 78 0
65 75 0
5078 80 0
781 79 43
11458 75 0
0 81 70
326 53 0
716 79 64
3906 79 0
326 65 48
65 62 32
651 67 40
130 70 0
195 65 0
1107 64 0
1237 61 0
391 78 56
1107 69 0
130 79 55
195 79 0
846 79 0
911 59 22
2734 59 0
1042 59 36
2930 72 43
3255 63 51
2083 66 42
716 83 67
130 78 46
716 78 62
130 63 0
130 90 0
195 74 0
586 84 0
65 78 0
0 66 0
65 59 0
326 63 76
195 75 80
1888 63 0
586 75 0
195 70 78
260 63 69
456 51 64
130 63 0
1693 58 0
1758 66 76
130 66 0
2018 73 82
1367 73 0
4883 71 71
195 73 0
2083 61 70
5924 71 75
260 75 0
1628 64 57
1237 68 79
1953 73 0
1302 64 0
456 68 0
4622 59 73
2409 74 81
1953 54 0
195 59 0
3385 74 0
391 80 77
3646 80 0
1237 81 76
1237 57 54
3646 57 0
2604 81 0
1562 81 74
1758 74 68
260 78 75
521 79 0
586 74 0
130 78 0
2799 71 60
2018 71 0
2344 62 57
456 61 52
1367 62 0
65 60 57
521 62 0
456 72 80
1562 70 47
911 68 42
65 72 0
716 72 0
130 64 54
521 65 49
391 62 0
130 68 63
4883 68 0
1562 72 43
260 72 55
716 72 0
651 60 0
0 63 0
1107 56 62
521 73 0
130 56 0
651 77 66
846 65 54
0 62 43
195 65 0
130 56 0
651 74 70
130 62 0
0 74 0
781 68 62
1497 68 0
2214 77 63
651 70 35
260 74 47
391 70 0
1237 74 0
391 74 57
195 77 0
391 74 0
521 75 57
130 64 49
456 64 0
260 68 55
911 74 50
521 72 0
130 77 0
456 61 0
2474 73 0
716 71 66
3190 71 0
977 64 49
326 64 0
1367 59 56
65 71 0
260 73 29
3906 73 0
1758 66 53
2604 59 0
1758 66 0
2148 74 63
1823 79 82
586 76 0
130 78 51
2539 62 37
0 59 0
4818 62 62
586 78 75
260 78 0
781 62 0
651 78 64
586 74 0
651 79 0
781 67 54
130 66 0
1497 79 0
2344 86 63
0 74 49
586 62 0
716 74 0
65 83 56
260 86 0
1172 81 0
2474 85 61
651 85 0
521 73 52
391 79 43
260 70 35
391 69 34
1628 79 0
326 70 0
65 75 0
911 69 0
586 87 77
781 75 45
130 75 0
2018 87 0
6966 87 75
195 87 0
521 85 24
586 87 0
9440 97 77
456 85 63
716 73 53
0 85 55
521 83 62
130 97 0
1497 85 0
0 76 51
1888 76 0
65 90 53
130 70 65
195 90 0
716 94 0
195 87 0
586 73 0
326 90 62
326 71 0
195 69 54
65 91 0
326 91 80
195 78 0
716 69 0
716 79 64
260 66 64
260 79 0
130 78 77
586 79 0
326 79 78
3320 67 0
2083 79 0
65 78 72
391 78 0
1237 72 65
456 76 70
260 78 0
391 72 0
0 78 75
2930 78 0
846 76 0
1432 76 59
2018 76 0
2214 81 45
1237 72 63
456 63 54
586 63 49
1693 63 0
195 72 0
391 63 0
456 78 84
326 54 56
65 78 0
195 62 55
0 76 61
0 74 49
195 68 51
65 76 0
130 78 0
391 59 0
1042 74 0
846 62 0
326 65 0
2018 62 49
195 59 47
130 74 77
130 65 50
326 77 66
130 69 67
65 61 0
195 72 56
2214 62 0
260 60 0
1237 58 0
2539 58 0
1107 74 0
0 75 0
716 61 0
8268 81 84
260 57 69
456 69 59
1302 69 0
1237 79 0
781 57 0
2474 83 73
260 57 54
781 93 67
391 57 0
456 59 36
0 83 0
651 59 0
130 91 0
195 91 66
195 91 0
1497 79 50
911 64 54
586 79 0
391 85 71
130 76 45
651 64 0
65 76 0
1628 85 0
2083 58 83
521 76 78
1432 58 0
2604 88 0
781 64 64
3451 85 79
195 64 0
911 73 68
391 73 0
12370 71 63
1432 71 0
3776 76 0
4622 85 82
1237 59 57
1823 59 0
195 78 0
2539 81 76
4753 83 0
1042 85 0
2995 57 76
1953 57 0
5404 52 55
2409 59 58
2734 59 0
716 69 65
1302 69 0
195 52 0
195 52 54
4297 52 0
0 83 54
65 55 36
195 73 0
2539 55 0
2865 59 50
326 57 0
586 52 0
456 62 50
1432 71 69
65 63 65
1823 62 0
1042 71 0
326 59 0
65 74 88
586 47 58
0 61 68
195 61 40
0 73 0
391 61 0
326 67 45
0 65 0
195 67 0
1367 46 0
1042 47 50
65 35 48
781 59 48
326 70 62
586 71 37
391 59 0
10352 45 0
586 47 0
195 57 47
2930 71 0
2799 54 0
1172 59 34
0 72 48
2214 72 0
781 63 56
977 71 51
260 71 0
521 72 55
0 54 0
326 74 47
391 72 0
521 67 64
130 53 35
651 52 24
911 67 0
586 66 41
586 69 0
651 66 0
911 64 40
260 64 0
0 54 0
326 69 63
65 48 36
2214 41 0
521 69 0
651 62 46
326 67 25
1693 48 0
2214 67 0
326 64 0
651 69 36
326 57 40
4362 69 0
9115 52 49
1237 43 17
8268 48 0
911 55 0
716 49 31
12435 70 68
5208 61 44
1237 62 49
326 70 39
1693 76 0
456 67 0
2539 49 46
6120 49 0
521 46 0
25326 42 61
195 64 61
391 68 73
911 43 0
195 68 52
521 68 0
195 51 0
1888 44 48
1823 61 0
4753 66 0
521 61 0
3776 42 0
2409 44 56
6771 48 0
2995 34 55
5339 48 0
586 34 64
195 82 77
2604 46 0
2604 34 0
391 58 68
391 58 0
781 70 0
2604 74 68
781 50 56
1302 77 49
7487 74 0
977 79 57
4297 50 0
195 77 0
1693 74 59
651 70 64
3320 74 0
781 77 62
3581 82 68
1042 70 0
260 79 0
1172 77 0
1888 50 79
716 72 57
3581 86 60
781 55 52
977 74 0
1758 60 42
1497 79 0
260 60 0
1693 82 0
1107 58 0
22135 75 83
2995 63 63
456 70 89
3646 63 0
195 75 0
65 51 0
9310 70 0
4232 63 87
0 75 94
195 75 0
1107 63 0
977 48 88
326 48 0
12695 63 93
0 75 100
195 87 109
65 43 92
586 75 0
195 72 0
977 63 0
586 43 0
1726 57 0
65 55 0
781 67 24
2734 67 0
5729 62 71
2539 68 67
260 65 3
1628 59 39
65 62 0
195 59 0
2279 70 0
651 66 0
2279 61 0
260 73 0
1432 59 0
911 64 89
391 73 81
195 64 0
195 63 84
911 63 70
65 59 0
195 63 0
7812 63 0
65 73 96
195 56 69
586 61 72
521 52 67
521 71 0
391 52 70
1237 61 0
716 52 0
1758 56 0
65 72 88
781 72 0
326 84 98
781 65 77
2018 82 0
521 65 0
521 75 91
65 67 91
195 55 74
456 46 0
5794 75 0
1302 67 0
326 83 96
521 64 70
195 68 79
260 64 0
4427 59 0
456 71 0
781 77 88
1823 82 0
195 61 0
7096 50 65
391 50 0
195 52 55
260 68 65
1237 59 0
260 68 0
2995 52 0
911 70 88
1367 61 75
977 70 0
1497 61 0
3255 76 86
1042 73 0
3971 83 0
3841 74 58
2930 74 0
9115 66 82
260 54 75
6706 68 69
2214 71 85
5208 71 0
2409 59 0
2148 75 0
6901 73 93
195 75 86
130 66 0
5013 67 72
195 59 0
6380 73 83
977 75 0
4688 61 0
2279 66 0
9766 77 93
326 70 79
456 70 68
586 65 76
4232 76 0
65 77 0
716 70 0
456 70 0
521 65 0
17383 79 92
260 58 81
260 65 82
130 67 72
391 67 0
716 69 65
0 75 79
130 77 0
586 50 55
65 67 57
586 51 0
846 70 0
977 67 0
1432 63 0
846 71 66
521 71 0
65 55 85
1367 79 0
391 75 82
3971 55 0
130 58 63
3581 58 0
586 55 71
130 69 64
5339 57 67
1758 79 79
1367 55 0
651 79 0
2930 63 0
781 53 65
1172 80 68
391 56 0
2214 77 71
195 81 0
846 91 79
391 74 68
2083 77 0
1042 84 0
4557 75 83
1237 72 0
195 75 0
130 75 0
5013 67 52
326 64 49
651 79 71
846 67 0
195 88 76
456 76 0
391 70 54
195 79 0
195 79 60
0 86 0
456 67 69
391 67 0
456 76 0
781 62 0
4818 64 68
3060 64 0
977 61 62
4102 85 66
1302 85 0
2409 85 0
2409 90 71
3906 88 69
326 92 0
2148 90 0
521 85 82
65 64 0
4297 86 0
260 83 63
2930 83 0
1888 64 0
326 64 53
3581 64 0
846 76 66
3776 76 0
1432 60 65
0 83 66
716 70 55
456 64 54
521 61 0
260 73 59
911 92 0
391 64 0
716 70 0
846 63 51
781 75 0
0 63 0
130 62 47
0 67 42
521 75 49
456 79 53
1826 75 0
1432 72 50
391 64 0
130 98 61
195 94 32
521 90 44
326 97 0
0 94 0
3451 93 0
846 67 0
391 90 0
911 92 30
3255 66 38
1172 66 13
1107 62 0
2083 63 0
1628 90 0
195 66 0
260 80 54
0 87 78
130 78 65
195 70 46
130 87 0
3125 90 0
977 70 0
977 75 0
977 83 45
4948 83 0
1172 78 54
2279 66 16
391 78 0
1823 60 41
326 66 0
521 68 55
130 68 0
781 72 62
456 72 0
521 70 46
456 67 43
586 70 0
456 58 0
911 75 54
586 67 0
1367 75 0
0 72 67
846 72 0
846 62 34
0 67 25
521 70 0
391 67 0
195 62 0
0 64 46
1042 57 40
391 45 48
0 52 34
521 64 0
326 52 0
195 45 0
1107 57 0
3320 54 51
