0 49 29
0 37 37
0 56 46
19000 61 30
0 56 0
20000 61 0
0 64 43
20000 64 0
0 56 38
20000 61 29
0 56 0
20000 61 0
0 64 32
20000 64 0
0 56 32
20000 61 25
0 56 0
20000 61 0
0 64 25
20000 64 0
0 56 33
20000 61 29
0 56 0
20000 61 0
0 64 29
19500 37 0
0 49 0
500 64 0
0 47 38
0 35 42
0 56 25
5000 61 27
0 56 0
19000 64 27
1500 61 0
18500 64 0
1000 56 30
20000 61 29
0 56 0
20000 61 0
0 64 27
20000 64 0
0 56 27
20000 61 25
0 56 0
20000 61 0
0 64 34
20000 64 0
0 56 37
20000 61 31
0 56 0
20000 61 0
0 64 37
19500 35 0
0 47 0
500 64 0
0 57 41
0 45 39
0 33 37
4500 57 0
0 61 25
20000 61 0
0 64 33
20000 64 0
0 57 28
20000 57 0
0 61 33
20000 61 0
0 64 32
19500 33 0
0 45 0
500 64 0
0 57 36
0 42 29
0 30 27
5000 62 37
19000 57 0
1000 62 0
0 66 42
20000 66 0
0 57 33
20000 57 0
0 62 31
20000 62 0
0 66 34
500 30 0
0 42 0
500 66 0
0 44 31
0 56 44
0 32 37
8500 60 26
0 56 0
20000 60 0
0 66 36
20000 66 0
0 56 44
20000 61 28
0 56 0
20000 61 0
0 64 33
19500 32 0
0 44 0
0 64 0
0 32 39
0 44 32
0 56 37
0 61 26
0 56 0
0 61 0
0 63 46
20745 44 0
0 32 0
532 63 0
0 54 39
21277 60 38
0 54 0
21277 60 0
0 63 25
0 63 0
0 52 36
0 44 33
0 37 25
0 49 23
4500 52 0
0 56 27
20000 61 35
0 56 0
20000 61 0
0 56 36
20000 61 22
0 56 0
20000 61 0
0 64 21
20000 64 0
0 56 42
20000 61 27
0 56 0
20000 61 0
0 64 39
20000 64 0
0 68 55
0 56 46
20000 61 28
0 56 0
20000 61 0
0 64 26
5000 68 0
0 68 48
14500 44 0
0 37 0
0 49 0
500 68 0
0 64 0
0 68 55
0 48 28
0 44 32
0 56 43
0 36 40
13500 63 31
0 56 0
18500 63 0
0 66 33
20000 66 0
0 56 32
20000 63 26
0 56 0
20000 63 0
0 66 27
20000 66 0
0 56 27
20000 63 31
0 56 0
20000 63 0
0 66 33
19500 68 0
500 66 0
0 68 49
0 56 32
20000 63 32
0 56 0
20000 63 0
0 66 38
5000 68 0
0 68 52
14500 36 0
0 44 0
0 48 0
500 68 0
0 66 0
0 68 61
0 56 54
0 49 34
0 37 37
1500 61 29
0 56 0
20000 61 0
0 64 30
20000 64 0
0 56 23
20000 61 23
0 56 0
20000 61 0
0 64 32
19500 68 0
0 37 0
0 49 0
500 64 0
0 69 54
0 57 38
0 42 28
0 30 33
4500 61 26
500 57 0
19500 61 0
0 66 32
20000 66 0
0 57 26
20000 57 0
0 61 27
20000 61 0
0 66 33
500 69 0
0 30 0
0 42 0
500 66 0
0 68 51
0 47 24
0 35 37
0 56 25
11000 59 51
0 56 0
20000 59 0
0 64 40
20000 64 0
0 56 25
20000 59 24
0 56 0
20000 59 0
0 64 34
1000 66 53
500 68 0
0 35 0
0 47 0
500 64 0
0 57 38
0 35 25
0 47 24
11500 57 0
0 59 29
4500 66 0
15500 59 0
0 63 18
15000 57 40
4500 57 0
500 63 0
0 71 48
20000 59 34
20000 59 0
0 63 40
19500 71 0
0 47 0
0 35 0
500 63 0
0 64 51
0 40 36
0 52 21
0 56 25
7500 59 35
0 56 0
20000 59 0
0 64 25
19500 64 0
500 64 0
0 56 22
20000 59 24
0 56 0
20000 59 0
0 64 30
20000 64 0
0 56 25
20000 59 24
0 56 0
20000 59 0
0 64 36
20000 64 0
0 56 27
20000 59 26
0 56 0
20000 59 0
0 64 28
19500 52 0
0 40 0
500 64 0
0 40 36
0 52 33
0 55 36
4500 59 35
0 55 0
20000 59 0
0 64 30
20000 64 0
0 55 34
20000 59 22
0 55 0
20000 59 0
0 64 27
20000 64 0
0 55 29
20000 59 24
0 55 0
20000 59 0
0 64 25
20000 64 0
0 67 58
0 55 41
20000 59 33
0 55 0
20000 59 0
0 64 41
5000 67 0
0 67 37
14500 52 0
0 40 0
500 67 0
0 64 0
0 67 48
0 50 19
0 55 26
0 38 25
1500 59 36
0 55 0
20000 59 0
0 65 41
20000 65 0
0 55 25
20000 59 25
0 55 0
20000 59 0
0 65 30
20000 65 0
0 55 26
20000 59 24
0 55 0
20000 59 0
0 65 34
19500 67 0
500 65 0
0 67 55
0 55 34
20000 59 35
0 55 0
20000 59 0
0 65 42
5000 67 0
0 67 56
14500 38 0
0 50 0
500 67 0
0 65 0
0 67 53
0 36 32
0 48 40
0 55 40
3500 60 37
0 55 0
20000 60 0
0 64 36
19500 48 0
0 36 0
500 64 0
0 47 40
0 55 40
0 35 46
6500 59 36
0 55 0
20000 59 0
0 64 29
19500 35 0
0 47 0
500 64 0
0 55 52
0 46 38
0 34 37
7500 61 38
0 55 0
20000 61 0
0 64 36
19500 67 0
500 64 0
0 66 60
0 54 47
20000 61 43
0 54 0
20000 61 0
0 64 36
19500 66 0
0 34 0
0 46 0
500 64 0
0 66 43
0 35 34
0 54 32
0 47 40
2500 59 27
0 54 0
20000 59 0
0 62 25
20000 62 0
0 54 30
20000 59 37
0 54 0
20000 59 0
0 62 33
19500 66 0
0 47 0
0 35 0
500 62 0
0 67 58
0 55 48
0 40 43
6500 59 42
0 55 0
20000 59 0
0 61 47
19500 67 0
0 40 0
500 61 0
0 64 54
0 43 44
0 52 47
11500 59 43
0 43 0
20000 59 0
0 61 54
19500 64 0
0 52 0
500 61 0
0 66 54
0 54 39
0 42 34
6000 59 31
0 54 0
20000 59 0
0 62 37
20000 62 0
0 54 30
20000 59 27
20000 59 0
0 62 37
19500 66 0
0 54 0
0 42 0
0 62 0
0 66 48
0 42 34
0 54 31
0 30 34
0 58 30
0 54 0
0 58 0
0 61 37
21277 61 0
0 54 27
21277 58 32
0 54 0
21277 58 0
0 61 30
20745 30 0
0 42 0
0 59 30
0 47 40
0 35 42
500 61 0
0 66 0
6000 59 0
0 62 24
20000 62 0
0 66 31
20000 66 0
0 59 48
20000 59 0
0 62 39
20000 62 0
0 66 40
20000 66 0
0 59 46
20000 59 0
0 63 49
20000 63 0
0 66 49
1500 66 0
0 71 66
0 59 56
11500 59 0
0 63 34
20000 63 0
0 66 40
15000 59 49
4500 71 0
500 66 0
0 72 82
8500 59 0
500 64 52
20000 64 0
0 67 33
1000 35 0
0 47 0
500 67 0
0 59 42
0 40 52
0 52 53
13500 64 40
20000 64 0
1000 67 24
7000 59 0
500 52 0
0 40 0
500 67 0
0 59 57
0 55 81
0 43 77
15000 59 0
0 64 41
20000 64 0
0 67 55
19500 72 0
0 43 0
0 55 0
500 67 0
0 70 54
0 59 47
0 52 51
0 40 34
12000 59 0
0 64 31
20000 64 0
0 67 34
19500 70 0
0 40 0
0 52 0
500 67 0
0 71 44
0 59 24
0 47 29
0 35 33
7500 59 0
0 63 32
20000 63 0
0 66 30
20000 66 0
0 59 30
20000 59 0
0 63 25
20000 63 0
0 66 30
20000 66 0
0 59 19
20000 59 0
0 63 34
20000 63 0
0 66 36
500 71 0
500 66 0
0 59 44
0 71 62
13500 59 0
0 63 34
20000 66 33
4000 63 0
7500 66 0
3500 59 34
4500 71 0
500 72 76
10000 59 0
0 64 26
0 35 0
0 47 0
20000 64 0
0 67 28
1000 67 0
0 59 37
0 52 46
0 40 48
13500 59 0
0 64 31
20000 64 0
0 67 36
500 40 0
0 52 0
500 67 0
0 59 62
0 55 74
0 43 68
15000 59 0
0 64 36
20000 64 0
0 67 39
19500 72 0
0 43 0
0 55 0
500 67 0
0 59 47
0 70 58
0 52 47
0 40 34
14500 59 0
0 64 25
20000 64 0
0 67 22
19500 70 0
0 40 0
0 52 0
500 67 0
0 71 47
0 59 33
0 35 53
0 47 31
7500 59 0
0 63 27
20000 63 0
0 66 27
0 66 0
0 59 28
0 59 0
0 63 31
0 63 0
0 66 34
532 71 0
0 47 0
0 35 0
532 66 0
0 59 28
0 71 41
0 44 36
0 32 32
12766 59 0
0 62 22
21277 62 0
0 65 33
0 65 0
0 59 29
20000 59 0
0 62 31
20000 62 0
0 65 32
19500 71 0
0 32 0
0 44 0
500 65 0
0 59 31
0 71 45
0 41 34
0 29 39
11000 59 0
0 61 29
20000 61 0
0 68 32
20000 68 0
0 59 25
20000 59 0
0 61 29
20000 61 0
0 68 25
19500 71 0
0 29 0
0 41 0
500 68 0
0 69 60
0 57 26
0 42 38
0 30 28
7500 57 0
0 61 25
20000 61 0
0 66 31
20000 66 0
0 57 36
20000 57 0
0 61 23
20000 61 0
0 66 38
19500 69 0
0 30 0
0 42 0
500 66 0
0 67 67
0 35 38
0 55 48
0 47 51
7500 59 31
0 55 0
20000 59 0
0 62 42
20000 62 0
0 55 48
20000 59 36
0 55 0
20000 59 0
0 62 58
1000 67 0
0 47 0
0 35 0
500 62 0
0 66 62
0 54 37
0 36 36
0 48 49
11000 57 34
0 54 0
20000 57 0
0 63 55
20000 63 0
0 54 26
20000 57 24
0 54 0
20000 57 0
0 63 37
19500 66 0
0 48 0
0 36 0
0 63 0
0 61 32
0 49 28
0 37 29
7812 49 0
0 54 18
20833 57 36
0 54 0
0 57 0
0 49 34
21739 49 0
0 54 29
21739 57 38
0 54 0
21196 61 0
0 37 0
0 57 0
0 61 46
0 49 25
0 37 37
11628 49 0
0 54 25
23256 54 0
0 56 30
581 61 0
0 37 0
0 61 34
0 56 0
0 49 23
0 37 29
0 37 0
0 49 0
0 53 31
0 53 0
0 56 40
1250 61 0
0 56 0
0 54 36
0 30 39
0 37 23
0 42 26
9000 57 25
0 54 0
20000 57 0
0 61 40
20000 61 0
0 57 49
20000 57 0
0 61 27
20000 61 0
0 66 39
20000 66 0
0 61 46
20000 61 0
0 66 28
20000 66 0
0 69 39
20000 69 0
0 61 64
0 73 71
20000 61 0
0 66 32
20000 66 0
0 69 29
5000 73 0
0 73 54
14500 30 0
0 37 0
0 42 0
500 73 0
0 69 0
0 73 61
0 61 34
0 53 34
0 41 29
0 49 27
0 68 35
500 61 0
19500 68 0
0 71 37
20000 71 0
0 61 35
20000 61 0
0 68 26
20000 68 0
0 71 31
19500 73 0
500 71 0
0 61 34
20000 61 0
0 68 32
20000 68 0
0 71 24
20000 71 0
0 73 57
0 61 32
20000 61 0
0 68 31
20000 68 0
0 71 34
5000 73 0
0 73 46
14500 49 0
0 41 0
0 53 0
500 73 0
0 71 0
0 73 61
0 61 31
0 42 31
0 54 22
4500 61 0
0 66 34
20000 66 0
0 69 40
20000 69 0
0 61 46
20000 66 32
20000 66 0
0 69 34
1000 61 0
0 73 0
0 54 0
0 42 0
500 69 0
0 60 63
0 72 68
0 39 56
0 51 51
11000 60 0
0 66 33
20000 66 0
0 69 40
2000 72 0
0 51 0
0 39 0
500 69 0
0 73 81
0 61 69
0 49 62
0 37 50
14500 61 0
0 66 37
20000 66 0
0 69 37
1500 73 0
0 37 0
0 49 0
500 69 0
0 63 64
0 75 78
0 36 51
0 48 51
0 44 45
13500 63 0
0 66 35
20000 66 0
0 68 36
20000 68 0
0 63 52
20000 63 0
0 66 25
20000 66 0
0 68 46
20000 68 0
0 63 43
20000 63 0
0 66 33
20000 66 0
0 68 34
19500 75 0
0 44 0
0 48 0
0 36 0
500 68 0
0 75 71
0 63 69
0 44 37
0 48 56
0 36 57
8500 63 0
0 66 34
20000 66 0
0 68 36
19500 75 0
0 36 0
0 48 0
0 44 0
500 68 0
0 76 71
0 64 56
0 49 43
0 44 46
0 37 28
8500 64 0
0 68 36
20000 68 0
0 73 37
20000 73 0
0 64 30
20000 64 0
0 68 25
20000 68 0
0 73 32
1000 37 0
0 44 0
0 49 0
500 73 0
0 75 56
0 63 45
0 42 27
0 30 33
12000 63 0
0 66 44
20000 66 0
0 69 46
500 75 0
0 76 0
0 30 0
0 42 0
500 69 0
0 73 71
0 61 38
0 43 46
0 31 34
11500 61 0
0 64 56
20000 64 0
0 70 51
1000 73 0
0 31 0
0 43 0
500 70 0
0 72 41
0 32 38
0 44 27
10000 60 24
20000 60 0
0 63 33
19500 72 0
500 63 0
0 68 58
20000 60 33
20000 60 0
0 63 47
19500 68 0
500 63 0
0 69 66
19000 60 29
20000 60 0
1000 63 31
19500 69 0
500 63 0
0 66 43
19000 60 29
20000 60 0
1000 63 37
19500 66 0
0 44 0
0 32 0
500 63 0
0 44 32
0 32 39
10000 48 42
20000 48 0
0 51 38
20000 51 0
0 56 65
20000 48 46
20000 48 0
0 51 56
1000 56 0
500 57 74
0 51 0
12500 48 58
20000 48 0
1000 51 43
19500 57 0
500 51 0
0 54 50
20000 48 48
20000 48 0
0 51 35
4500 44 0
0 54 0
0 32 0
500 51 0
0 32 39
0 44 37
0 52 54
18500 64 40
0 52 0
19000 68 27
1000 64 0
19000 68 0
1000 73 64
20000 64 31
20000 64 0
0 68 27
19500 73 0
500 68 0
0 76 70
20000 64 25
20000 64 0
0 68 29
19500 76 0
500 68 0
0 73 51
19000 64 28
20000 64 0
1000 68 30
1000 73 0
0 44 0
0 32 0
500 68 0
0 44 38
0 32 42
11500 52 34
20000 52 0
0 56 30
20000 61 59
0 56 0
20000 52 44
20000 52 0
0 56 58
19500 61 0
500 64 68
0 56 0
20000 52 37
20000 52 0
0 56 39
19500 64 0
500 61 47
0 56 0
20000 52 29
20000 52 0
0 56 32
1000 61 0
0 32 0
0 44 0
0 56 0
0 51 45
0 32 29
0 44 25
9500 57 31
0 51 0
20000 57 0
0 54 49
20000 60 51
0 54 0
20000 60 0
0 57 44
20000 57 0
0 63 58
20000 63 0
0 60 57
20000 60 0
0 66 50
20000 66 0
0 63 48
20000 63 0
0 69 56
20000 69 0
0 66 50
20000 66 0
0 72 57
19500 44 0
0 32 0
500 72 0
0 44 33
0 52 48
0 32 36
9500 61 34
0 52 0
20000 61 0
0 56 40
20000 64 56
0 56 0
20000 64 0
0 61 39
20000 61 0
0 68 62
20000 68 0
0 64 46
20000 64 0
0 73 63
20000 73 0
0 68 46
20000 68 0
0 76 57
20000 76 0
0 73 26
20000 73 0
0 68 33
19500 32 0
0 44 0
500 68 0
0 61 45
0 32 40
0 44 27
8500 61 0
0 67 52
20000 67 0
0 64 53
20000 64 0
0 70 56
20000 70 0
0 67 35
20000 67 0
0 73 56
20000 73 0
0 70 44
20000 70 0
0 76 66
20000 76 0
0 73 42
20000 73 0
0 79 63
20000 79 0
0 76 40
20000 76 0
0 82 33
19500 44 0
0 32 0
500 82 0
0 66 29
0 32 32
0 44 34
6500 66 0
0 72 41
20000 72 0
0 69 45
20000 69 0
0 75 54
20000 75 0
0 72 33
20000 72 0
0 78 48
20000 78 0
0 75 48
20000 75 0
0 81 43
20000 81 0
0 78 45
20000 78 0
0 84 68
20000 84 0
0 81 40
20000 81 0
0 87 48
20000 87 0
0 84 57
20000 84 0
0 78 32
20000 78 0
0 81 28
20000 81 0
0 75 47
20000 75 0
0 78 39
20000 78 0
0 72 36
20000 72 0
0 75 55
20000 75 0
0 69 34
20000 69 0
0 72 33
20000 72 0
0 66 44
20000 66 0
0 69 26
20000 69 0
0 63 31
20000 63 0
0 66 49
20000 66 0
0 60 39
20000 60 0
0 63 25
20000 63 0
0 57 48
11000 57 0
0 60 33
20000 60 0
0 54 43
0 57 30
0 54 0
0 57 0
0 51 69
0 54 46
1596 54 0
0 51 0
0 49 61
14894 54 40
21277 57 35
0 54 0
0 49 0
20745 44 0
0 32 0
0 57 0
0 44 32
0 32 35
0 48 44
8500 54 35
20000 54 0
0 56 44
20000 57 62
0 56 0
20000 57 0
0 56 38
20000 56 0
0 54 48
500 48 0
500 54 0
0 51 71
11000 54 38
20000 57 40
0 54 0
1000 51 0
500 57 0
0 49 68
12000 54 36
20000 57 32
0 54 0
500 44 0
0 32 0
0 49 0
500 57 0
0 32 37
0 48 52
0 44 32
9500 54 34
0 54 0
0 56 63
0 57 82
0 56 0
0 57 0
0 56 56
0 56 0
0 54 53
500 48 0
500 54 0
0 50 72
11500 54 45
20000 57 36
0 54 0
1500 50 0
500 57 0
0 49 64
17000 54 39
20000 57 41
0 54 0
1000 32 0
0 44 0
0 49 0
500 57 0
0 44 31
0 32 39
0 48 57
11000 54 25
20000 54 0
0 56 53
20000 57 54
0 56 0
20000 57 0
0 56 46
20000 56 0
0 54 50
2000 44 0
0 48 0
0 32 0
500 54 0
0 45 38
0 33 38
0 49 37
11500 52 24
20000 61 44
0 52 0
19500 49 0
500 61 0
0 49 32
20000 49 0
0 52 34
20000 61 37
0 52 0
1500 33 0
0 45 0
0 61 0
0 30 25
0 42 27
0 51 40
11979 57 36
0 51 0
20833 57 0
0 61 43
0 61 0
0 51 43
21111 57 28
1111 51 0
21111 57 0
1111 61 25
556 42 0
0 30 0
0 61 0
0 32 33
0 44 33
0 51 45
11250 51 0
0 56 45
25000 60 34
0 56 0
0 60 0
0 51 34
26316 51 0
0 54 38
26316 60 33
0 54 0
25658 44 0
0 32 0
0 60 0
0 49 34
0 52 45
0 44 37
0 37 35
10000 52 0
0 56 27
22222 61 25
0 56 0
22222 61 0
0 56 45
22222 61 33
0 56 0
0 61 0
0 64 26
0 64 0
0 56 30
0 61 32
0 56 0
0 61 0
0 64 27
0 64 0
0 68 44
0 56 25
20000 61 29
0 56 0
20000 61 0
0 64 27
4000 68 60
1000 68 0
14000 68 0
500 49 0
0 44 0
0 37 0
500 64 0
0 68 58
0 36 26
0 48 24
0 56 46
0 44 20
4000 63 35
0 56 0
20000 63 0
0 66 35
20000 66 0
0 56 27
20000 63 23
0 56 0
20000 63 0
0 66 30
20000 66 0
0 56 25
20000 63 17
0 56 0
20000 63 0
0 66 40
19500 68 0
500 66 0
0 68 53
0 56 40
20000 63 32
0 56 0
20000 63 0
0 66 38
5000 68 0
0 68 49
14500 44 0
0 48 0
0 36 0
500 68 0
0 66 0
0 68 54
0 37 20
0 56 27
0 49 25
4500 61 30
0 56 0
20000 61 0
0 64 37
20000 64 0
0 56 46
20000 61 26
0 56 0
20000 61 0
0 64 46
19500 68 0
0 49 0
0 37 0
500 64 0
0 69 59
0 57 39
0 42 30
0 30 35
9000 57 0
0 61 37
20000 61 0
0 66 35
20000 66 0
0 57 31
20000 57 0
0 61 29
20000 61 0
0 66 33
500 69 0
0 30 0
0 42 0
500 66 0
0 68 54
0 47 35
0 56 31
0 35 37
11000 59 42
0 56 0
20000 59 0
0 64 44
20000 64 0
0 56 34
20000 59 38
0 56 0
20000 59 0
0 64 38
1500 68 0
0 35 0
0 47 0
500 64 0
0 57 48
0 66 61
0 35 35
0 47 22
12000 57 0
0 59 32
20000 59 0
0 63 30
15500 57 35
4000 66 0
500 63 0
0 71 56
20000 57 0
0 59 26
20000 59 0
0 63 50
19500 71 0
0 47 0
0 35 0
500 63 0
0 64 40
0 40 41
0 52 32
0 56 20
4500 59 52
0 56 0
20000 59 0
0 64 0
0 64 42
20000 64 0
0 59 52
20000 59 0
0 64 35
20000 64 0
0 68 35
20000 68 0
0 59 52
20000 59 0
0 64 32
20000 64 0
0 68 32
20000 68 0
0 71 63
0 59 53
20000 59 0
0 64 34
20000 64 0
0 68 39
5000 71 0
0 71 36
14500 52 0
0 40 0
500 71 0
0 68 0
0 71 57
0 59 40
0 51 40
0 39 33
7000 59 0
0 66 27
20000 66 0
0 69 21
20000 69 0
0 59 42
20000 59 0
0 66 22
20000 66 0
0 69 26
20000 69 0
0 59 33
20000 59 0
0 66 25
20000 66 0
0 69 32
19500 71 0
500 69 0
0 59 44
0 71 68
20000 59 0
0 66 28
20000 66 0
0 69 33
5000 71 0
0 71 49
500 39 0
0 51 0
500 71 0
0 69 0
0 71 56
0 59 39
0 52 36
0 40 42
8000 64 34
1000 59 0
19000 64 0
1000 68 36
20000 68 0
0 59 47
19000 64 40
1000 59 0
19000 64 0
1000 68 27
3000 71 0
0 40 0
0 52 0
500 68 0
0 60 70
0 72 75
0 39 58
0 51 57
12500 60 0
0 66 33
20000 66 0
0 68 51
1000 72 0
0 51 0
0 39 0
500 68 0
0 61 49
0 73 78
0 37 57
0 49 65
12500 64 52
500 61 0
19500 64 0
0 68 55
500 73 0
0 49 0
0 37 0
500 68 0
0 63 65
0 75 78
0 44 40
0 48 60
0 36 51
10000 63 0
0 66 42
20000 66 0
0 68 42
20000 68 0
0 63 49
20000 63 0
0 66 39
20000 66 0
0 68 46
500 75 0
0 36 0
0 48 0
0 44 0
500 68 0
0 64 59
0 76 80
0 37 38
0 49 36
0 44 43
10000 64 0
0 68 34
20000 68 0
0 73 36
19500 44 0
0 49 0
0 37 0
500 73 0
0 64 36
20000 64 0
0 68 27
20000 68 0
0 73 31
19500 76 0
500 73 0
0 62 37
0 74 54
0 42 17
0 30 34
9000 62 0
0 66 18
20000 66 0
0 69 19
20000 69 0
0 62 29
20000 62 0
0 66 36
20000 66 0
0 69 25
19500 74 0
0 30 0
0 42 0
500 69 0
0 72 49
0 60 32
0 32 26
0 44 30
10000 60 0
0 66 25
20000 66 0
0 68 30
20000 68 0
0 60 33
20000 60 0
0 66 26
20000 66 0
0 68 34
500 72 0
0 44 0
0 32 0
500 68 0
0 73 58
0 61 33
0 49 25
0 37 29
11000 61 0
0 64 28
20000 64 0
0 68 29
20000 68 0
0 61 28
20000 61 0
0 64 32
20000 64 0
0 68 31
20000 68 0
0 61 31
20000 61 0
0 65 25
20000 65 0
0 68 34
1000 73 0
500 68 0
0 61 45
0 73 71
13500 61 0
0 65 28
20000 65 0
0 68 43
15000 61 38
4500 73 0
500 68 0
0 74 64
7000 61 0
500 66 39
20000 66 0
0 69 31
1000 37 0
0 49 0
500 69 0
0 61 49
0 42 49
0 54 48
12500 61 0
0 66 42
20000 66 0
0 69 25
1500 54 0
0 42 0
500 69 0
0 57 70
0 61 57
0 45 79
14000 61 0
0 66 28
20000 66 0
0 69 41
19500 57 0
0 74 0
0 45 0
500 69 0
0 61 44
0 72 60
0 42 31
0 54 31
9500 61 0
0 66 29
20000 66 0
0 69 35
19500 72 0
0 54 0
0 42 0
500 69 0
0 73 46
0 61 33
0 49 34
0 37 27
7000 61 0
0 65 27
20000 65 0
0 68 34
20000 68 0
0 61 30
20000 61 0
0 65 27
20000 65 0
0 68 35
20000 68 0
0 61 30
20000 61 0
0 65 26
20000 65 0
0 68 37
19500 73 0
500 68 0
0 61 49
0 73 65
20000 61 0
0 65 34
20000 65 0
0 68 37
15000 61 44
4500 73 0
500 68 0
0 74 88
19500 61 0
500 66 38
20000 66 0
0 69 26
2000 37 0
0 49 0
500 69 0
0 61 45
0 54 44
0 42 50
16500 61 0
0 66 23
20000 66 0
0 69 36
1500 42 0
0 54 0
500 69 0
0 57 60
0 61 59
0 45 72
16500 61 0
0 66 35
20000 66 0
0 69 46
500 57 0
0 74 0
0 45 0
500 69 0
0 61 36
0 72 58
0 42 39
0 54 30
13500 61 0
0 66 31
20000 66 0
0 69 33
19500 72 0
0 54 0
0 42 0
500 69 0
0 73 46
0 61 31
0 37 35
0 49 25
9000 61 0
0 65 31
20000 65 0
0 68 27
20000 68 0
0 61 34
20000 61 0
0 65 26
20000 65 0
0 68 37
3000 73 0
0 49 0
0 37 0
500 68 0
0 61 18
0 73 57
0 42 26
0 30 28
13500 61 0
0 66 28
20000 66 0
0 69 29
20000 69 0
0 61 25
20000 61 0
0 66 26
20000 66 0
0 69 27
19500 73 0
0 30 0
0 42 0
500 69 0
0 71 60
0 59 32
0 39 38
0 51 29
8500 59 0
0 66 25
20000 66 0
0 69 24
20000 69 0
0 59 45
20000 59 0
0 66 22
20000 66 0
0 69 33
20000 69 0
0 59 32
20000 59 0
0 66 23
20000 66 0
0 69 39
500 71 0
0 51 0
0 39 0
500 69 0
0 59 37
0 71 55
0 40 32
0 52 24
11000 59 0
0 64 42
20000 64 0
0 68 44
1500 71 0
0 52 0
0 40 0
500 68 0
0 57 51
0 69 60
0 37 37
0 49 39
13500 57 0
0 64 33
20000 64 0
0 68 33
1500 69 0
0 49 0
0 37 0
500 68 0
0 57 40
0 69 57
0 51 38
0 39 39
14000 57 0
0 63 44
20000 63 0
0 66 40
1500 69 0
0 39 0
0 51 0
500 66 0
0 68 68
0 36 39
0 56 38
0 48 35
12000 63 34
0 56 0
20000 63 0
0 66 37
500 68 0
0 48 0
0 36 0
500 66 0
0 68 57
0 56 38
0 49 33
0 37 36
11500 61 38
0 56 0
20000 61 0
0 64 39
19500 68 0
0 37 0
0 49 0
500 64 0
0 66 56
0 54 48
0 45 34
0 33 29
9000 61 33
0 54 0
20000 61 0
0 63 34
20000 63 0
0 54 46
20000 61 37
0 54 0
20000 61 0
0 63 36
1000 66 0
0 33 0
0 45 0
0 63 0
0 68 67
0 32 44
0 44 40
0 56 54
0 61 34
0 56 0
0 61 0
0 63 33
20745 68 0
0 44 0
0 32 0
0 63 0
0 69 70
0 57 56
0 30 45
0 42 44
8500 57 0
0 61 35
20000 61 0
0 63 39
1000 69 0
0 42 0
0 30 0
500 63 0
0 68 61
0 32 43
0 56 45
0 44 31
10000 61 31
0 56 0
20000 61 0
0 64 31
20000 64 0
0 56 32
20000 61 26
0 56 0
20000 61 0
0 64 36
1500 68 0
0 44 0
0 32 0
500 64 0
0 68 44
0 54 13
0 32 35
0 44 30
11500 60 22
0 54 0
20000 60 0
0 63 33
19500 68 0
0 63 0
0 54 42
0 60 27
0 54 0
0 60 0
0 63 43
1786 44 0
0 32 0
0 63 0
0 61 40
0 44 27
0 52 39
0 37 33
12766 52 0
0 56 34
21277 61 42
0 56 0
20745 61 0
532 61 0
0 56 44
21277 61 28
0 56 0
21277 61 0
0 64 38
21277 64 0
0 56 36
21277 61 32
0 56 0
21277 61 0
0 64 38
20745 44 0
532 64 0
0 56 43
0 44 61
21277 61 37
0 56 0
21277 61 0
0 64 36
5319 44 0
0 44 61
15426 37 0
532 64 0
0 44 0
0 36 52
0 44 46
0 56 51
6915 63 38
0 56 0
21277 63 0
0 66 36
21277 66 0
0 56 46
21277 63 28
0 56 0
21277 63 0
0 66 30
21277 66 0
0 56 44
21277 63 34
0 56 0
21277 63 0
0 66 30
20745 44 0
532 66 0
0 56 56
0 44 64
21277 63 34
0 56 0
21277 63 0
0 66 39
5319 44 0
0 44 48
15426 36 0
0 66 0
0 44 0
0 56 45
0 44 55
0 37 43
9000 64 51
0 56 0
20000 64 0
0 61 33
20000 61 0
0 68 65
20000 68 0
0 64 42
20000 64 0
0 73 61
20000 73 0
0 68 53
20000 68 0
0 76 74
20000 76 0
0 73 55
6000 44 0
500 73 0
0 80 73
0 44 69
16000 80 0
0 76 52
20000 76 0
0 73 56
5000 44 0
0 44 62
14500 37 0
500 73 0
0 72 66
0 44 0
0 32 60
0 44 60
9500 72 0
0 75 52
20000 75 0
0 69 46
20000 69 0
0 72 64
20000 72 0
0 66 40
20000 66 0
0 69 39
20000 69 0
0 63 57
20000 63 0
0 66 45
20000 66 0
0 57 52
1500 44 0
0 32 0
0 57 0
0 60 67
0 44 49
0 60 0
0 56 36
0 56 0
0 54 56
7143 44 0
0 44 51
0 61 58
0 44 0
0 54 0
0 52 51
0 37 44
0 44 52
9500 61 0
0 64 61
0 52 0
20000 64 0
0 61 45
20000 61 0
0 68 62
20000 68 0
0 64 53
20000 64 0
0 73 67
20000 73 0
0 68 42
20000 68 0
0 76 74
20000 76 0
0 73 48
4500 44 0
0 37 0
500 73 0
0 80 72
0 44 61
14000 80 0
0 76 62
20000 76 0
0 73 56
5000 44 0
0 44 64
15000 73 0
0 72 64
0 44 0
0 32 54
0 44 61
10000 72 0
0 75 46
20000 75 0
0 69 44
20000 69 0
0 72 55
20000 72 0
0 66 50
20000 66 0
0 69 49
20000 69 0
0 63 62
20000 63 0
0 66 49
20000 66 0
0 57 62
4500 44 0
0 32 0
0 57 0
0 60 63
0 44 56
0 60 0
0 56 52
0 56 0
0 54 47
7143 44 0
0 44 51
0 61 57
0 44 0
0 54 0
0 44 46
0 52 49
0 37 47
11111 52 0
0 56 45
22222 61 51
0 56 0
21667 61 0
556 61 0
0 64 49
22222 64 0
0 61 37
22222 61 0
0 56 30
21667 44 0
0 56 0
0 49 54
23810 52 29
23810 52 0
0 56 33
23810 61 49
0 56 0
23810 61 0
0 56 40
23810 56 0
0 52 34
23214 49 0
0 52 0
0 44 38
25000 49 38
25000 49 0
0 52 35
24375 44 0
625 52 0
0 56 51
25000 56 0
0 52 37
25000 52 0
0 49 36
25000 49 0
0 44 33
25000 44 0
0 49 36
25000 49 0
0 44 40
0 44 0
0 40 44
0 40 0
0 44 39
0 44 0
0 40 41
32500 37 0
0 40 0
0 37 43
232000 37 0
1000 61 49
0 37 33
0 44 33
0 49 27
0 52 34
0 56 51
239000 61 0
0 56 0
0 49 0
0 37 0
0 44 0
0 52 0
1000 61 33
0 37 22
0 49 23
0 44 29
0 52 18
0 56 38
238000 61 0
0 56 0
0 44 0
0 37 0
0 49 0
0 52 0
