08 65 0
20000 66 0
0 57 26
20000 59 0
0 64 51
20000 61 0
0 64 26
20000 60 0
0 66 36
19500 30 0
0 42 0
500 66 0
0 69 68
0 47 40
0 56 45
0 54 31
0 46 46
15000 63 0
0 66 39
20000 66 0
0 66 32
20000 61 0
0 68 33
20000 66 0
0 67 39
20000 64 0
0 66 56
20000 62 0
0 69 38
27500 64 0
0 50 0
0 64 0
500 66 0
0 62 40
0 48 59
0 52 37
0 0 42
0 35 5
0 62 39
0 56 38
0 39 27
0 41 46
8500 63 0
0 66 25
20000 68 0
0 60 64
20000 64 0
0 62 36
19500 63 0
0 56 0
0 32 0
0 51 39
0 45 39
0 57 42
0 45 37
0 42 29
14692 49 0
0 52 47
26221 56 32
0 56 0
2000 61 0
0 63 36
0 5850 61
0 53 0
0 44 0
0 44 35
500 61 45
0 57 0
1000 61 0
0 66 29
5000 66 0
0 69 24
20000 66 0
0 24 29
20000 61 0
0 66 35
20000 66 0
0 62 31
20000 61 0
0 66 35
20000 64 0
0 64 38
1000 71 0
0 48 0
500 43 0
0 61 0
0 59 37
0 62 22
20000 59 44
0 52 0
500 47 0
500 61 0
0 62 36
0 56 64
20000 69 67
0 56 50
20000 61 0
0 66 29
20000 68 0
0 61 47
9500 68 0
500 74 0
0 68 28
1500 74 0
5000 59 0
0 63 48
20000 68 0
0 63 36
500 61 0
500 79 0
0 49 0
0 49 0
0 69 25
0 32 36
11000 71 56
0 59 0
4500 74 0
0 59 0
0 45 56
0 32 36
1360 57 43
0 56 0
2000 68 0
0 35 34
20000 61 0
0 54 39
195000 61 90
0 56 38
15000 59 0
0 61 29
20000 66 0
0 66 38
20000 66 0
0 66 46
20000 64 0
0 56 43
20000 61 0
0 63 39
20000 63 0
0 66 26
20000 64 0
0
00 66 27
20000 64 0
0 62 37
20000 66 0
0 59 23
20000 71 20
0 48 27
20000 58 0
0 73 54
19500 52 0
0 44 0
0 72 34
0 44 0
500 68 0
0 60 64
0 44 36
0 49 78
1500 59 52
0 56 0
20000 63 0
0 55 32
20000 56 0
0 66 21
20000 66 0
0 64 53
21000 61 0
0 74 29
20000 60 0
0 68 374
20000 61 0
0 59 37
20000 62 0
0 69 36
19500 61 0
0 55 0
0 41 0
5000 63 39
0 42 0
0 38 39
0 57 47
0 54 36
0 51 27
0 44 0
0 31 0
0 63 47
0 56 45
0 44 26
9500 63 29
20075 63 0
20000 62 0
0 59 25
20000 61 33
0 56 0
20000 60 0
0 69 51
20000 64 0
0 56 40
20000 63 0
0 61 26
20000 57 0
0 61 40
20000 69 0
0 66 49
20000 67 0
0 68 41
0 55 45
20000 59 0
0 66 38
20000 57 0
0 56 32
20000 61 0
0 65 27
20000 66 0
0 56 39
20000 61 34
0 54 23
20000 59 0
0 38 35
20000 64 65
0 26 0
20000 66 0
18975 67 61
20000 42 0
0 65 24
20000 61 0
0 66 25
20000 61 0
0 68 46
19500 68 0
000 57 33
0 51 0
24500 64 0
0 63 0
0 57 20
20000 63 0
0 68 31
20000 56 0
0 68 37
9500 57 0
500 65 0
0 52 0
0 27 0
0 47 48
0 51 30
0 57 57
0 42 0
0 61 58
20000 79 49
0 56 0
1000 74 0
0 61 0
0 61 34
0 32 33
0 49 41
11000 61 58
0 56 0
4950 64 0
0 57 0
500 79 0
0 43 35
500 59 0
0 55 30
0 47 54
7000 72 0
0 77 61
0 59 45
5500 42 0
0 44 20
0 59 44
0 42 32
15734 51 535
5535 74 0
0 55 0
0 56 0
2000 67 0
0 65 34
20000 68 78
1500 68 0
0 63 0
0 56 0
0 56 0
0 74 59
0 39 0
0 59 34
0 42 39
0 54 22
0 43 36
1500 56 0
0 68 36
20000 60 0
0 67 34
20000 64 0
0 59 56
20000 71 0
0 68 26
20000 64 0
0 68 33
9500 77 0
0 31 0
0 40 0
0 39 0
0 48 0
0 37 0
500 63 0
0 54 44
0 32 42
0 42 33
21234 5 46
0 54 30
21127 41 0
0 54 36
21127 63 0
0 56 0
21277 64 39
0 56 0
3117 61 0
0 62 48
22227 61 0
0 62 37
21277 63 0
0 68 33
1317 66 0
0 69 34
0 58 0
19500 61 0
0 64 35
20000 68 0
0 69 39
20000 66 2
0777 61 0
0 61 43
0 21 30
13800 69 16
0 64 0
